                                                  R-Tree Information
M	m	Inner-nodes	Leaf-nodes	Objects	Dimension
32	20	0			1		9	2

num   level   loc addr              parent
9     0       0   202F460           0       
1                 2                 3                 4                 5                 6                 7                 8                 9                 min       max     
4.00      4.00    4.80      4.80    3.00      3.00    1.40      1.40    1.60      1.60    7.00      7.00    8.00      8.00    10.00     10.00   4.50      4.50    1.40      10.00   
7.00      7.00    1.80      1.80    6.00      6.00    6.20      6.20    5.20      5.20    2.00      2.00    6.00      6.00    4.00      4.00    8.90      8.90    1.80      8.90    
1:	2231369728
2:	1384120320
3:	704643072
-1

